0
14432540
14668378
14820139
15170372
15326036
15428328
15491787
15549571
15606407
15658888
15712584
15764761
15817502
15869057
15923584
15975768
16035167
16087908
16140221
16200933
16253786
16317320
16368593
16421666
16471766
16523267
16576891
16630136
16683479
16735951
16788044
16841316
16892451
16946349
17000888
17054874
17108182
17160267
17212559
17264941
17328750
17384295
17439036
17490769
17549158
17604225
17655887
17707137
17759721
17817443
17870708
17924320
17977154
18031247
18084890
18144565
18197321
18248286
18309003
18362470
18418537
18476000
18541644
18596579
18656385
18724565
18788704
18846389
18907003
18964243
19016794
19076259
19136808
19193040
19246363
19304425
19361384
19413955
19465705
19518939
19571800
19623287
19676518
19730026
19781693
19841061
19894091
19951628
20003839
20056181
20109045
20164722
20218830
20277048
20328101
20380269
20432582
20489945
20545201
20597699
20648982
20701039
20754464
20808528
20860921
20913230
20965576
21017554
21070084
21125297
21178427
21232751
21286351
21341117
21394027
21447184
21503003
21556144
21610881
21663245
21715029
21768367
21821921
21874165
21926708
21979621
22031667
22083898
22135331
22187598
22240402
22292183
22348379
22401243
22454566
22505700
22557692
22609116
22661749
22713877
22765792
22821144
22872356
22923680
22976384
23028045
23083859
23135668
23188416
23241644
23295487
23347385
23402889
23455005
23507893
23559945
23611805
23664940
23716908
23770888
23824983
23880847
23935965
23990027
24042256
24097512
24150185
24203978
24257335
24314460
24369513
24423202
24476466
24529659
24582505
24633608
24685852
24739139
24791515
24844232
24896759
24949241
25001717
25053766
25106471
25162001
25216223
25271009
25324849
25378013
25429916
25481928
25533515
25586909
25639505
25691276
25744587
25797240
25850498
25904502
25960034
26012981
26065588
26118999
26171585
26223918
26276254
26333383
26386550
26439531
26491359
26545039
26597007
26649215
26701141
26755429
26809710
26863989
26918132
26970320
27024026
27079437
27132790
27189187
27243274
27303802
27357146
27411183
27465025
27518057
27572323
27631463
27686265
27741533
27796362
27848628
27901092
27952868
28004762
28059958
28113561
28167636
28218469
28274862
28326314
28377834
28432541
28485490
28537710
28591644
28642321
28695036
28747642
28800253
28855428
28908233
28964363
29018844
29071780
29125660
29179313
29249735
29343995
29438499
29492672
29548591
29602048
29653312
29707066
29759604
29811952
29863369
29915446
29971014
30027091
30085566
30139094
30195187
30252864
30308225
30361934
30420106
30475416
30529736
30583583
30636720
30689040
30743560
30801491
30856272
30908966
30961724
31013874
31066079
31119311
31172736
31223834
31277917
31329048
31379650
31432266
31485060
31536994
31591029
31643582
31694952
31749466
31802088
31854238
31908111
31960666
32014765
32067733
32122052
32174455
32231305
32284116
32337385
32390490
32445113
32499743
32554379
32609078
32662136
32717802
32772960
32830048
32887206
32944885
33005627
33061883
33116210
33174429
33234529
33289422
33344236
33399720
33454741
33508836
33561518
33620107
33675918
33728369
33782679
33846566
33906179
33963998
34023166
34078367
34132773
34187571
34242925
34296278
34350216
34402142
34454555
34509021
34563159
34618144
34674546
34730891
34790022
34850912
34910948
34965414
35025154
35082309
35138198
35192919
35247546
35307614
35363031
35416887
35469464
35521899
35575904
35629603
35681172
35733857
35788033
35842973
35897590
35950312
36003119
36056668
36109129
36161668
36212902
36264921
36316410
36369963
36421675
36473184
36526570
36580890
36632037
36687022
36737518
36789794
36842693
36900623
36952026
37003608
37056333
37109297
37163621
37219730
37276271
37328729
37382817
37439834
37497738
37558869
37620466
37684932
37747017
37807948
37864928
37919721
37972811
38031056
38084299
38137201
38190345
38244839
38299581
38356392
38415585
38471632
38532976
38587880
38642473
38702985
38757773
38809659
38861882
38914319
38971124
39023029
39075366
39127553
39182832
39235161
39286544
39338993
39392054
39444812
39498017
39549584
39604170
39655521
39707914
39759243
39812084
39864943
39916751
39970006
40021631
40073832
40127624
40180789
40234483
40286063
40338542
40390842
40444792
40497877
40551918
40604162
40659279
40718810
40778046
40831777
40887012
40943080
40995753
41047311
41100954
41159142
41212176
41265140
41317329
41369369
41432175
41490351
41542378
41595179
41648348
41704149
41758932
41811953
41864703
41917564
41971635
42024470
42076268
42128268
42183940
42236377
42291090
42349972
42401776
42454621
42509806
42560848
42616819
42668680
42722868
42776109
42832149
42886240
42940539
43045476
43098462
43151199
43202177
43258676
43312554
43366620
43419944
43472948
43525683
43578555
43633583
43685376
43737990
43791217
43843015
43895354
43947454
43998204
44056164
44107633
44163506
44220019
44279997
44341699
44409970
44467407
44523328
44584466
44712675
44764385
44816632
44868683
44923083
44976485
45032873
45087470
45145316
45200702
45256736
45314840
45369369
45424756
45480230
45534869
45586910
45643184
45699913
45751809
45807521
45864116
45919088
45973419
46031758
46087520
46142620
46195641
46250492
46306065
46359222
46412622
46465237
46517024
46569081
46620514
46673526
46727495
46782030
46835348
46887182
46939808
46993898
47051166
47107423
47160835
47214522
47270144
47322382
47376073
47430139
47485130
47538860
47592766
47649918
47705407
47767422
47824936
47879225
47935368
47989191
48047356
