0
9486193
9561193
9686193
9761193
9886193
9961193
10036193
10159920
10384920
10459920
10534920
10609920
10734920
10804920
10869920
10944920
11019920
11094920
11169920
14394920
14469920
14544920
14619920
14694920
14769920
14844920
14919920
14994920
15069920
15144920
15219920
15294920
15369920
15444920
15519920
15594920
15669920
15744920
15819920
15894920
15969920
16044920
16119920
16194920
16269920
16344920
16419920
16494920
16569920
16644920
16719920
16794920
16869920
16944920
17019920
17094920
17169920
17244920
17319920
17394920
17469920
17544920
17619920
17694920
17769920
17844920
17919920
17994920
18069920
18144920
18219920
18294920
18369920
18444920
18519920
18594920
18669920
18744920
18819920
18894920
18969920
19044920
19119920
19194920
19269920
19344920
19419920
19494920
19569920
19644920
19719920
19794920
19869920
19944920
20019920
20094920
20169920
20244920
20319920
20394920
20469920
20544920
20619920
20694920
20769920
20844920
20919920
20994920
21069920
21144920
21219920
21294920
21369920
21444920
21519920
21594920
21669920
21744920
21819920
21894920
21969920
22044920
22119920
22194920
22269920
22344920
22419920
22494920
22569920
22644920
22719920
22794920
22869920
22944920
23019920
23094920
23169920
23244920
23319920
23394920
23469920
23544920
23619920
23694920
23769920
23844920
23919920
23994920
24069920
24144920
24219920
24294920
24369920
24444920
24519920
24594920
24669920
24744920
24819920
24894920
24969920
25044920
25119920
25194920
25269920
25344920
25419920
25494920
25569920
25644920
25719920
25794920
25869920
25944920
26019920
26094920
26169920
26244920
26319920
26394920
26469920
26544920
26619920
26694920
26769920
26844920
26919920
26994920
27069920
27144920
27219920
27294920
27369920
27444920
27519920
27594920
27669920
27744920
27819920
27894920
27969920
28044920
28119920
28194920
28269920
28344920
28419920
28494920
28569920
28644920
28719920
28794920
28869920
28944920
29019920
29094920
29169920
29244920
29319920
29394920
29469920
29544920
29619920
29694920
29769920
29844920
29919920
29994920
30069920
30144920
30219920
30294920
30369920
30444920
30519920
30594920
30669920
30744920
30819920
30894920
30969920
31044920
31119920
31194920
31269920
31344920
31419920
31494920
31569920
31644920
31719920
31794920
31869920
31944920
32019920
32094920
32169920
32244920
32319920
32394920
32469920
32544920
32619920
32694920
32769920
32844920
32919920
32994920
33069920
33144920
33219920
33294920
33369920
33444920
33519920
33594920
33669920
33744920
33819920
33894920
33969920
34044920
34119920
34194920
34269920
34344920
34419920
34494920
34569920
34644920
34719920
34794920
34869920
34944920
35019920
35094920
35169920
35244920
35319920
35394920
35469920
35544920
35619920
35694920
35769920
35844920
35919920
35994920
36069920
36144920
36219920
36294920
36369920
36444920
36519920
36594920
36669920
36744920
36819920
36894920
36969920
37044920
37119920
37194920
37269920
37344920
37419920
37494920
37569920
37644920
37719920
37794920
37869920
37944920
38019920
38094920
38169920
38244920
38319920
38394920
38469920
38544920
38619920
38694920
38769920
38844920
38919920
38994920
39069920
39144920
39219920
39294920
39369920
39444920
39519920
39594920
39669920
39744920
39819920
39894920
39969920
40044920
40119920
40194920
40269920
40344920
40419920
40494920
40569920
40644920
40719920
40794920
40869920
40944920
41019920
41094920
41169920
41244920
41319920
41394920
41469920
41544920
41619920
41694920
41769920
41844920
41919920
41994920
42069920
42144920
42219920
42294920
42369920
42444920
42519920
42594920
42669920
42744920
42819920
42894920
43019920
43094920
43169920
43244920
43319920
43394920
43469920
43544920
43619920
43694920
43769920
43844920
43919920
43994920
44069920
44144920
44219920
44294920
44369920
44444920
44519920
44594920
44719920
44794920
44869920
44944920
45019920
45094920
45169920
45244920
45319920
45394920
45469920
45544920
45619920
45694920
45769920
45844920
45919920
45994920
46069920
46144920
46219920
46294920
46369920
46444920
46519920
46594920
46669920
46744920
46819920
46894920
46969920
47044920
47119920
47194920
47269920
47344920
47419920
47494920
47569920
47644920
47719920
47794920
47869920
47944920
48019920
48094920
