0
50000
100000
150000
200000
250000
300000
350000
400000
450000
500000
550000
600000
650000
700000
750000
800000
850000
900000
950000
1000000
1050000
1100000
1150000
1200000
1250000
1300000
1350000
1400000
1450000
1500000
1550000
1600000
1650000
1700000
1750000
1800000
1850000
1900000
1950000
2000000
2050000
2100000
2150000
2200000
2250000
2300000
2350000
2400000
2450000
2500000
2550000
2600000
2650000
2700000
2750000
2800000
2850000
2900000
2950000
3000000
3050000
3100000
3150000
3200000
3250000
3300000
3350000
3400000
3450000
3500000
3550000
3600000
3650000
3700000
3750000
3800000
3850000
3900000
3950000
4000000
4050000
4100000
4150000
4200000
4250000
4300000
4350000
4400000
4450000
4500000
4550000
4600000
4650000
4700000
4750000
4800000
4850000
4900000
4950000
5000000
5050000
5100000
5150000
5200000
5250000
5300000
5350000
5400000
5450000
5500000
5550000
5600000
5650000
5700000
5750000
5800000
5850000
5900000
5950000
6000000
6050000
6100000
6150000
6200000
6250000
6300000
6350000
6400000
6450000
6500000
6550000
6600000
6650000
6700000
6750000
6800000
6850000
6900000
6950000
7000000
7050000
7100000
7150000
7200000
7250000
7300000
7350000
7400000
7450000
7500000
7550000
7600000
7650000
7700000
7750000
7800000
7850000
7900000
7950000
8000000
8050000
8100000
8150000
8200000
8250000
8300000
8350000
8400000
8450000
8500000
8550000
8600000
8650000
8700000
8750000
8800000
8850000
8900000
8950000
9000000
9050000
9100000
9150000
9200000
9250000
9300000
9350000
9400000
9450000
9500000
9550000
9600000
9650000
9700000
9750000
9800000
9850000
9900000
9950000
10000000
10050000
10100000
10150000
10200000
10250000
10300000
10350000
10400000
10450000
10500000
10550000
10600000
10650000
10700000
10750000
10800000
10850000
10900000
10950000
11000000
11050000
11100000
11150000
11200000
11250000
11300000
11350000
11400000
11450000
11500000
11550000
11600000
11650000
11700000
11750000
11800000
11850000
11900000
11950000
12000000
12050000
12100000
12150000
12200000
12250000
12300000
12350000
12400000
12450000
12500000
12550000
12600000
12650000
12700000
12750000
12800000
12850000
12900000
12950000
13000000
13050000
13100000
13150000
13200000
13250000
13300000
13350000
13400000
13450000
13500000
13550000
13600000
13650000
13700000
13750000
13800000
13850000
13900000
13950000
14000000
14050000
14100000
14150000
14200000
14250000
14300000
14350000
14400000
14450000
14500000
14550000
14600000
14650000
14700000
14750000
14800000
14850000
14900000
14950000
15000000
15050000
15100000
15150000
15200000
15250000
15300000
15350000
15400000
15450000
15500000
15550000
15600000
15650000
15700000
15750000
15800000
15850000
15900000
15950000
16000000
16050000
16100000
16150000
16200000
16250000
16300000
16350000
16400000
16450000
16500000
16550000
16600000
16650000
16700000
16750000
16800000
16850000
16900000
16950000
17000000
17050000
17100000
17150000
17200000
17250000
17300000
17350000
17400000
17450000
17500000
17550000
17600000
17650000
17700000
17750000
17800000
17850000
17900000
17950000
18000000
18050000
18100000
18150000
18200000
18250000
18300000
18350000
18400000
18450000
18500000
18550000
18600000
18650000
18700000
18750000
18800000
18850000
18900000
18950000
19000000
19050000
19100000
19150000
19200000
19250000
19300000
19350000
19400000
19450000
19500000
19550000
19600000
19650000
19700000
19750000
19800000
19850000
19900000
19950000
20000000
20050000
20100000
20150000
20200000
20250000
20300000
20350000
20400000
20450000
20500000
20550000
20600000
20650000
20700000
20750000
20800000
20850000
20900000
20950000
21000000
21050000
21100000
21150000
21200000
21250000
21300000
21350000
21400000
21450000
21500000
21550000
21600000
21650000
21700000
21750000
21800000
21850000
21900000
21950000
22000000
22050000
22100000
22150000
22200000
22250000
22300000
22350000
22400000
22450000
22500000
22550000
22600000
22650000
22700000
22750000
22800000
22850000
22900000
22950000
23000000
23050000
23100000
23150000
23200000
23250000
23300000
23350000
23400000
23450000
23500000
23550000
23600000
23650000
23700000
23750000
23800000
23850000
23900000
23950000
24000000
24050000
24100000
24150000
24200000
24250000
24300000
24350000
24400000
24450000
24500000
24550000
24600000
24650000
24700000
24750000
24800000
24850000
24900000
24950000
25000000
25050000
25100000
25150000
25200000
25250000
25300000
25350000
25400000
25450000
25500000
25550000
25600000
25650000
25700000
25750000
25800000
25850000
25900000
25950000
26000000
26050000
26100000
26150000
26200000
26250000
26300000
26350000
26400000
26450000
26500000
26550000
26600000
26650000
26700000
26750000
26800000
26850000
26900000
26950000
27000000
27050000
27100000
27150000
27200000
27250000
27300000
27350000
27400000
27450000
27500000
27550000
27600000
27650000
27700000
27750000
27800000
27850000
27900000
27950000
28000000
28050000
28100000
28150000
28200000
28250000
28300000
28350000
28400000
28450000
28500000
28550000
28600000
28650000
28700000
28750000
28800000
28850000
28900000
28950000
29000000
29050000
29100000
29150000
29200000
29250000
29300000
29350000
29400000
29450000
29500000
29550000
29600000
29650000
29700000
29750000
29800000
29850000
29900000
29950000
